2034688937
2280384364
1766077047
2274958861
1924963650
2064374727
2778353273
2051439181
2064407117
1747192290
2377453995
2841828340
2596995073
2027469891
2785080570
1855887292
2644277473
2139169715
2029449801
2817805755
2034947161
2809087842
2422188112
2374958430
1832591574
2589281450
2031910203
1403957523
2453917804
2628045661
1731334907
1365118783
2283805381
2535056991
1365120203
2341796093
2801583630
2040991837
1805179634
1618849904
2271390870
1684667172
1664692654
2698713581
2483492152
2633264410
2914834571
2010219001
2596996753
2013910163
2026177357
2009186253
1427349814
1868997602
2187459190
1896546350
1684724165
1860000742
2081436403
2537701537
1365145415
2053196445
2767617903
2033240825
2735101711
2008640707
2809114690
1365118941
2809112402
2392006161
2709353001
2537547947
2880257277
2807629240
2012880981
1365146405
1768973091
1905554392
2009764233
2826820174
1365120253
1365146484
2865347692
1365145801
1365145717
1863178182
2163364621
2521464953
2705410697
1303157374
1939876662
1237274812
1764986761
2550319591
1856824283
2511507375
1783969353
2442297864
1786951853
2486167154
2146845767
1365145761
1365146174
2712868221
1365146041
2817248404
1365146002
1365145797
2856751170
1365144882
1365146263
1365144924
2785319092
2763685825
2298738464
1365144300
2183520720
1794017511
1365145781
2849480317
1657635361
1365146161
1365146301
1365146434
2861268330
1365146254
1365146377
1745530511
2400551213
1365146217
1236424242
1365146127
1365146590
2913278307
2860072070
2861270960
1365144902
1365146375
2689150771
2387479844
1365146033
1901518243
1748732772
1742510067
1365146397
2731255621
1947304652
2247569464
2860473352
2021344837
1575027384
2023440125
1365144910
2596855335
2639924101
2473216855
1959389675
1365145017
1688773191
1405379865
1365144363
2013221233
1803841575
1592880574
2702986531
2914079871
1865876167
1365144253
1365144971
1865283267
2878400991
1772135175
2688465382
2861176520
1889196343
2738810827
2913270707
1841308613
2639928901
1365145020
1965560221
2833121492
1663489937
2664498940
1853316801
2593223725
2573500711
1663493472
1910492931
2639929871
1746878063
2914502973
1731669241
1790232063
2914076161
2964983065
2207442927
2913270723
2914075945
2878400971
2913270747
2573973297
2913267127
2574149653
2664596690
2914072235
2913270673
2639915233
1906879990
1793990717
2342308202
1772416537
2935025503
2910517065
2890404812
2779736875
2600920355
1794089955
1862239623
1402310950
1905490703
1900297211
2701589027
1938642697
2644070673
1794117924
1845492717
2392699675
2573160055
2703803362
2817019093
2573833973
2676259271
2877197580
2910554855
1862556287
1899574063
1905991920
2781016031
2729083263
2734859485
2749429577
1091781565
1862024555
1826192514
1806246134
1817841503
2731019075
2890357864
1267084704
1865787753
1948035962
1864078135
2024148865
2240791095
2024191453
2396201733
2802839162
1907978573
1832457971
2914184413
1693153227
2880513962
2875156812
2077871191
2601698083
2024422855
1851245732
2248191493
1179642935
2121599814
2400255881
2014238393
2430569331
1910746935
2431879425
2432580787
1801254463
2432580717
2876511910
2014618991
2240341762
2857653652
2874664631
2005576857
1855908454
1929209387
2647871421
2601692897
2921669160
2873869481
2025059894
1783630610
1781243500
2563659647
1921671273
2706797867
2802452132
1804263905
1792934033
1735035704
2653340363
2914184397
1950675185
2703812192
1963818721
2874669951
1970081007
2460595875
2910516101
1923917725
2031731851
1998575175
2600921315
2634301191
1190252913
2921814677
2914502957
2601693013
1913806013
1904580921
2600923571
1896942381
1863464427
2542443382
1904640957
2597527684
1846625625
2703810664
2565900442
1932086391
1916013003
1910980767
2781739597
1841402997
1974279212
1906288285
1938964745
1861270217
2451915342
1989901397
1990949363
2528214841
2215467493
2181256054
1975193861
1819752980
1930323735
1886134604
2600683150
1748875367
2656428773
1927326441
1972747402
1996798941
1784016432
1912369035
1902783413
2733932453
1949615881
1839458814
2703806764
2465669120
2586165105
2637475312
1776183377
1901968701
1938268967
1913191555
1919156407
1977013047
1950834467
1910868105
1836793257
1887672664
2928055805
1959683224
1934443761
1790271713
1898251915
2703860152
2100101427
1972847437
1954730323
1794061095
1291596151
1939484393
1885988291
1905668303
1969118827
2684151623
1932334837
1824103614
1840346715
1017055664
1842797372
2190095980
1830643497
1852833097
1926211137
1879538635
1869321867
1976674955
1509025353
1875764795
2913911615
1945862483
1954095403
2201891810
1797317384
1929153617
1952076071
2925914767
1934903657
1901170033
1933166645
1929443205
1631484570
1910872147
2926692815
1923211333
2913105757
1948576562
1734710172
1952486371
1816239650
1742355117
1845602447
1923723757
1832276541
1926945597
2734010977
2154558541
1939747427
1918545427
2154986331
1772108440
1943131995
1800456730
1919414781
2256606694
1931918843
1959395113
2633664021
1805613347
1263620262
2152213117
1995947601
1785475602
1910145745
2200824751
1844197567
1998798617
1434256983
1949836633
2263409772
2296397284
2913105627
1729864055
2803490972
1920645285
1998600845
2734948715
1946262887
1958067315
2734848375
1918095827
1977182591
1949474677
1897101085
1889024485
2734870975
2733809937
2449572823
1949701425
2605530744
1883710530
2734837361
1908543807
1798570405
1996906295
1996071213
1984055865
2733809947
2090085127
2293732330
2717199763
2693017261
2733809903
1940698331
2735018481
1941649631
1932000095
1811179147
2242142334
2734935301
2755279697
2733843387
2055578273
2733820597
2733820587
2648236804
1965779697
2029593172
2734826805
2735018515
2759775257
1734469291
2734859455
2733809887
2733879483
2733843377
2735008245
1885601845
2735008241
1723326627
1968303877
1915450537
1989030401
2952644772
1882285440
1766835953
1748331842
1940213497
1949998753
1998352267
1862374517
1918510935
1914231951
1907433751
1975841547
1878340627
1873897502
2649591643
2794019480
1926029717
1853471775
2095016450
1811197842
2009052795
1866777901
2410269915
1875680907
1738135843
2050791917
1967402821
2045053195
1974922725
2232129032
1951977693
1974602872
2530030540
2735820051
1937485727
1769764380
2721656103
2042703633
2323101532
1679344600
2629906583
1767755520
2039734624
2695597881
1788601722
1978878863
1653139825
2125467687
1365128772
1365131330
1365117773
1975804267
1863716875
1365117981
1365120062
1365118924
2018751097
1365132363
1365118715
1365120327
1870586611
1365118420
1365130783
1365118992
1365118861
1365131512
1365120361
1365117973
1365132192
1365119950
1365132112
1365117770
2132208683
1365120115
1365130807
1365120932
1365119960
1365118771
1365131964
1365118223
1365132401
1365120872
2567139957
1365133574
1365118432
1365129687
1365120895
1365118551
1365131087
1365132441
1365118682
1365118364
1365120245
1365133511
1365120314
1365118960
1365117891
1262710640
2655649602
1365118855
1365120302
1365122685
1365122970
1365120600
1365118901
1365118774
1365118397
1365130950
1365132290
1365117817
1365132383
1365118335
1365119964
1365118933
1877646255
1365122583
1365120235
1365120490
1812599502
1365118627
1365120140
1365117597
2190795732
1365118894
2051464155
1365117732
1796397070
1785004135
1365120000
1898837640
1365134803
1365133847
1365134892
1739348093
1963417715
1513599595
1365134841
1365134903
1365118120
1365134437
1365134331
1365134765
1365134503
1365134293
1863441977
1365134742
2133564443
1365134337
1365134157
1928079531
1365134381
1808659402
1507311042
1826615540
1365134633
2465397801
2124518785
1881849503
1365134273
1365134251
1365134264
2001799167
1365134101
2190088454
1365117830
1956486913
1572394664
1717106060
2438471514
2074531943
1649799420
1739694145
2201629807
2563617811
1282847210
1687359245
1581634102
1919741724
2152868401
1293905957
1932364091
2164069133
2625405544
2178660524
1956451961
1365120300
1885256930
1794674917
2013999920
1869778341
1365120693
1930219773
1365118711
1732567232
1365117984
1365120681
1539621503
2810715282
1581597584
1678052820
1365118214
1365117952
2168788293
1365135292
2914043943
2858576760
2899147952
1365120274
2899172684
2772005645
1365120123
1365135864
1365135635
1365146862
2914845941
1735248917
1365135415
1365135171
2914879815
1365120754
1365118023
1365135354
1365133821
1365134461
1662420473
1365135561
1365135880
2297690882
1365147012
1805441747
1365135092
1737106040
1365120640
1365135282
1365120537
1365135130
1581566045
1365146775
1365120323
1365129284
1779411224
2859641694
2812568982
1365135364
2914879801
1365129170
1365118511
1365137422
2270903857
2820486455
1581559621
1581626685
1365121191
1365146947
1365121541
1662844501
1365133714
1365147047
2859166960
1902987055
2829657812
1365117951
1745052042
1869993015
1952820667
1365128985
1731054605
1365133561
2365471697
2102217851
1581503613
1365147073
1956343767
1841956021
2169169371
1972991870
1941658393
1365130273
1910739321
1951247817
1365146997
2185514787
1694139811
1365133760
2725596925
1365137817
1365133664
2903258157
1365147014
1886613541
2214502654
1365125177
2725376907
1365146767
1595495625
1212924045
1365137720
1799500642
1826017597
1365137577
1900055987
2271054422
1365137640
2862002880
1365137631
2620964163
1450103492
2911486700
1365137563
2814165124
1973476491
1852792152
1978899605
2422683314
1963689251
2912715095
1365137203
1921512391
1239831094
1959071275
2780906267
2780895905
1896087377
1365137662
2578857801
2779288361
2947046345
2729079037
1762616954
1480576037
2779299417
2602880580
2798639474
2465398927
1581373054
2859167244
2753974307
2780900343
1959257693
1764906091
2465399851
2798633152
2798624832
2604783754
2596623830
2914021651
2918346755
1079062445
1712059305
1843020233
2374134833
1832010807
2403711001
2928378494
1634215067
2575052344
2913215377
1991093227
1766615022
2483273355
1365137880
2729274611
1955295264
1581173204
2805652484
2494502660
2787258214
2209091317
2532533512
2409518037
2913215373
1779231570
2494483892
2009102903
2801308544
2016123231
2014376997
2010505553
2030457275
2488560280
1665122042
2896505174
2430567635
1738535477
1778092742
2763249055
2465404081
2616510385
1172480213
1829676335
2567531191
2026132545
2867677144
2026851115
2875344234
2302155651
2490604954
1761785862
1932396260
2877592484
1874624215
1660154914
2681557875
2843739350
1729316762
2653147993
1371364073
1857103994
1914375272
1797220722
1663254191
2466577645
1614894823
2559549733
2810096980
2475653893
2745094980
2892341625
2189453101
2857033860
2802397164
2802493302
2889224302
1796518370
2129404307
2859138614
2515447297
1894685295
1579456951
2086174523
2427280441
2857061970
2620196911
2673227093
2613789813
2188305872
1378330224
2446928760
2857045080
2857071302
1982451161
2646482260
1944826732
2490607474
1571357455
1969820600
1806231314
1821294470
2592271337
2781852760
1806876404
2788405033
2673287461
2128947815
2372774294
1895618445
1424504087
2640508542
2671612523
2485052150
2884127670
2868994374
2617056374
2494317282
1796216123
2678785950
2186284423
1870428204
2607408381
1748004865
1961219437
2647331960
2680283983
2730524515
2793612254
2876834414
1794379870
1962347921
2717472891
2838543043
2751163560